0 0.110776 0.057397 0.144415 0.010728
0 0.113266 0.071881 0.144415 0.010728
0 0.114511 0.083950 0.151885 0.010192
0 0.110776 0.096556 0.129476 0.010728
0 0.113266 0.109430 0.134456 0.011801
0 0.113266 0.122841 0.124496 0.010728
0 0.112021 0.135447 0.136946 0.008046
0 0.112021 0.147516 0.141926 0.010728
0 0.114511 0.160122 0.136946 0.009119
0 0.105796 0.172996 0.129476 0.010192
0 0.115756 0.185871 0.129476 0.010192
0 0.110776 0.197940 0.129476 0.010728
0 0.158084 0.197404 0.014940 0.000000
0 0.113266 0.211887 0.144415 0.011801
0 0.110776 0.224761 0.129476 0.009656
0 0.110776 0.237635 0.139436 0.008583
0 0.110776 0.249437 0.139436 0.010728
0 0.109531 0.262579 0.131966 0.010192
0 0.108286 0.275185 0.139436 0.010728
0 0.108286 0.287523 0.139436 0.010728
0 0.109531 0.312735 0.141926 0.010728
0 0.110776 0.325341 0.129476 0.010192
0 0.110776 0.338215 0.134456 0.011265
0 0.112021 0.351357 0.141926 0.009656
0 0.107041 0.363427 0.141926 0.010192
0 0.110776 0.376569 0.139436 0.008583
0 0.110776 0.389443 0.144415 0.009656
0 0.107041 0.401513 0.141926 0.010192
0 0.112021 0.414387 0.141926 0.010192
0 0.110776 0.426993 0.139436 0.010728
0 0.113266 0.439599 0.144415 0.010192
0 0.110776 0.452205 0.124496 0.009656
0 0.112021 0.464811 0.126986 0.010192
0 0.109531 0.477953 0.141926 0.010728
0 0.114511 0.490827 0.141926 0.009656
0 0.112021 0.503701 0.126986 0.010728
0 0.112021 0.516039 0.136946 0.009656
0 0.113266 0.528109 0.139436 0.009119
0 0.114511 0.541519 0.126986 0.010192
0 0.112021 0.553857 0.141926 0.010192
0 0.109531 0.566463 0.141926 0.008583
0 0.112021 0.579337 0.141926 0.010728
0 0.109531 0.591943 0.141926 0.010192
0 0.110776 0.604549 0.124496 0.010728
0 0.110776 0.629224 0.134456 0.011801
0 0.112021 0.642903 0.131966 0.010192
0 0.109531 0.655777 0.126986 0.010192
0 0.113266 0.668651 0.139436 0.010192
0 0.114511 0.680989 0.136946 0.010192
0 0.110776 0.693327 0.139436 0.010192
0 0.110776 0.706469 0.134456 0.010728
0 0.110776 0.719880 0.129476 0.008583
0 0.108286 0.731681 0.149395 0.009656
0 0.112021 0.744287 0.141926 0.009119
0 0.117000 0.757698 0.131966 0.012338
0 0.110776 0.782910 0.124496 0.010192
0 0.112021 0.795247 0.131966 0.010192
0 0.112021 0.808121 0.131966 0.011265
0 0.109531 0.820727 0.131966 0.010728
0 0.108286 0.833602 0.134456 0.010728
0 0.113266 0.846744 0.129476 0.010192
0 0.114511 0.859618 0.067228 0.011265
0 0.114511 0.871419 0.062248 0.010192
0 0.119490 0.884562 0.067228 0.012874
1 0.334869 0.058738 0.278871 0.010192
1 0.226557 0.059543 0.012450 0.000000
1 0.291295 0.071344 0.186744 0.009656
1 0.338718 0.084755 0.271173 0.010728
1 0.374707 0.097093 0.368508 0.010728
1 0.444425 0.109967 0.502964 0.010728
1 0.331134 0.122841 0.286341 0.009656
1 0.412056 0.134910 0.433246 0.010192
1 0.438200 0.146980 0.490514 0.008583
1 0.436955 0.160391 0.483045 0.010728
1 0.373462 0.173265 0.370998 0.009656
1 0.383422 0.185602 0.385938 0.010728
1 0.356033 0.198477 0.341119 0.008583
1 0.459365 0.211619 0.527863 0.010192
1 0.359768 0.223957 0.318710 0.010192
1 0.358523 0.236294 0.341119 0.009119
1 0.342338 0.249705 0.308750 0.009119
1 0.392137 0.262311 0.413327 0.010728
1 0.390892 0.275185 0.405857 0.009656
1 0.402096 0.287791 0.423287 0.009119
1 0.571411 0.311930 0.761916 0.010192
1 0.339848 0.326145 0.278871 0.009656
1 0.357278 0.338483 0.323690 0.007510
1 0.292540 0.351089 0.204174 0.010192
1 0.429486 0.363963 0.463125 0.009119
1 0.444425 0.376569 0.502964 0.008583
1 0.337359 0.388907 0.288831 0.008583
1 0.383422 0.402049 0.390918 0.009119
1 0.292540 0.414923 0.204174 0.009119
1 0.295030 0.426725 0.204174 0.009119
1 0.342338 0.439331 0.308750 0.009656
1 0.328644 0.452205 0.276381 0.010728
1 0.388402 0.464542 0.400877 0.009656
1 0.382177 0.477685 0.388428 0.010192
1 0.369727 0.490559 0.348589 0.011265
1 0.341093 0.503433 0.301280 0.009119
1 0.393382 0.515503 0.415817 0.009656
1 0.373462 0.528109 0.356059 0.008046
1 0.409566 0.541519 0.438226 0.009119
1 0.297520 0.553320 0.209153 0.008046
1 0.364748 0.565926 0.348589 0.009656
1 0.403341 0.579873 0.420797 0.011801
1 0.398362 0.591943 0.420797 0.008046
1 0.412056 0.604817 0.448186 0.012338
1 0.384667 0.630029 0.383448 0.009119
1 0.385912 0.643171 0.395897 0.007510
1 0.426996 0.655241 0.473085 0.009119
1 0.478039 0.668383 0.575172 0.009656
1 0.439445 0.680721 0.493004 0.009656
1 0.412056 0.693327 0.443206 0.009119
1 0.260171 0.706201 0.134456 0.011265
1 0.271376 0.719343 0.151885 0.009656
1 0.429486 0.731681 0.473085 0.009656
1 0.417036 0.743751 0.443206 0.010192
1 0.428241 0.761989 0.465615 0.020921
1 0.461855 0.781569 0.542803 0.012874
1 0.263906 0.795784 0.141926 0.009119
1 0.260171 0.808121 0.134456 0.010192
1 0.262661 0.820459 0.154375 0.009119
1 0.252701 0.832529 0.119516 0.009656
1 0.253946 0.847280 0.136946 0.009119
1 0.470569 0.860154 0.575172 0.010192
1 0.382177 0.872224 0.388428 0.009656
1 0.438200 0.887512 0.485535 0.015556