0 0.105599 0.080753 0.155808 0.041004
0 0.106515 0.134310 0.161307 0.034310
0 0.104682 0.200837 0.109982 0.041841
0 0.104682 0.271130 0.102650 0.041841
0 0.104682 0.343933 0.109982 0.041841
0 0.108348 0.435565 0.109982 0.041004
0 0.104682 0.508368 0.109982 0.039331
0 0.105599 0.579498 0.108149 0.044351
1 0.414465 0.076987 0.414266 0.026778
1 0.381470 0.130126 0.344610 0.032636
1 0.597768 0.210042 0.780873 0.053556
1 0.598685 0.287047 0.786372 0.055265
1 0.592269 0.355230 0.788205 0.056067
1 0.477705 0.440167 0.540745 0.035146
1 0.345726 0.512971 0.291452 0.033473
1 0.431879 0.584519 0.474756 0.032636