0 0.225899 0.065239 0.347805 0.032482
0 0.224425 0.103777 0.356648 0.034684
0 0.224425 0.143140 0.362543 0.034133
0 0.225899 0.183605 0.353700 0.034684
0 0.225899 0.222969 0.347805 0.034133
0 0.221478 0.262883 0.356648 0.033583
0 0.220004 0.301420 0.347805 0.032482
0 0.225899 0.341335 0.347805 0.034133
0 0.220004 0.380423 0.347805 0.034133
0 0.220004 0.421163 0.347805 0.035235
0 0.227373 0.459701 0.344858 0.034133
0 0.225899 0.500165 0.341910 0.033583
0 0.217057 0.540079 0.353700 0.031931
0 0.224425 0.578892 0.350753 0.036886
0 0.221478 0.617981 0.344858 0.033583
0 0.224425 0.658721 0.338963 0.034684
0 0.217057 0.697809 0.347805 0.034684
0 0.224425 0.737448 0.368438 0.034684
0 0.222952 0.778463 0.336015 0.034133
0 0.221478 0.816175 0.344858 0.034684
0 0.221478 0.856089 0.344858 0.033032
0 0.225899 0.895728 0.353700 0.034133
0 0.220004 0.935367 0.359595 0.036336
0 0.231794 0.983264 0.353700 0.015415
1 0.601706 0.063587 0.262328 0.025875
1 0.597285 0.105428 0.235800 0.022572
1 0.582547 0.141764 0.277065 0.022572
1 0.603180 0.182229 0.253485 0.017617
1 0.604653 0.221867 0.244643 0.023123
1 0.614970 0.262607 0.300645 0.018718
1 0.647392 0.300044 0.359595 0.022022
1 0.656235 0.340233 0.365490 0.019819
1 0.628233 0.380698 0.333068 0.019269
1 0.614970 0.421163 0.312435 0.022022
1 0.628233 0.459701 0.309488 0.019819
1 0.662130 0.499339 0.365490 0.020921
1 0.623812 0.538978 0.312435 0.023123
1 0.597285 0.577791 0.288855 0.022572
1 0.617917 0.617705 0.306540 0.022022
1 0.628233 0.657344 0.291803 0.022022
1 0.600232 0.698084 0.271170 0.023123
1 0.619391 0.737998 0.291803 0.020370
1 0.603180 0.777362 0.253485 0.023123
1 0.603180 0.816450 0.265275 0.025325
1 0.612022 0.853887 0.294750 0.020921
1 0.612022 0.895177 0.300645 0.023123
1 0.616443 0.933715 0.297698 0.020921
1 0.729376 0.981337 0.541248 0.035785