0 0.019666 0.275958 0.022691 0.051102
0 0.019098 0.335948 0.023069 0.042215
0 0.018909 0.393715 0.021178 0.051102
0 0.019287 0.455927 0.020422 0.051102
0 0.019098 0.515917 0.021557 0.046659
0 0.019666 0.579239 0.021178 0.044437
0 0.019287 0.635896 0.021935 0.042215
0 0.019855 0.695886 0.021557 0.051102
0 0.019098 0.756987 0.023069 0.048881
0 0.019098 0.816977 0.020044 0.048881
0 0.020044 0.876967 0.021935 0.044437
0 0.019501 0.938673 0.023875 0.049892
0 0.143417 0.275239 0.022900 0.050167
0 0.142447 0.335667 0.023288 0.052447
0 0.142641 0.397235 0.022900 0.047887
0 0.143223 0.456524 0.022512 0.047887
0 0.143611 0.516952 0.022512 0.054728
0 0.143223 0.576240 0.022512 0.045606
0 0.142641 0.635528 0.024453 0.050167
0 0.143417 0.697097 0.022124 0.054728
0 0.143029 0.757525 0.022900 0.047887
0 0.142447 0.817953 0.023288 0.050167
0 0.143417 0.878382 0.024453 0.047887
0 0.142835 0.894344 0.000000 0.002280
0 0.142954 0.941400 0.022691 0.053324
0 0.307087 0.278180 0.023448 0.046659
0 0.306142 0.334837 0.021557 0.044437
0 0.306142 0.395937 0.023826 0.051102
0 0.306142 0.455927 0.023069 0.042215
0 0.306331 0.514806 0.023448 0.053324
0 0.306142 0.571463 0.023069 0.051102
0 0.305764 0.634786 0.023826 0.048881
0 0.305764 0.693664 0.022313 0.055546
0 0.306331 0.760320 0.024960 0.046659
0 0.306331 0.818088 0.022691 0.051102
0 0.306331 0.878077 0.023448 0.046659
0 0.305953 0.938067 0.022691 0.051102
0 0.420921 0.275958 0.021935 0.046659
0 0.420354 0.334837 0.024582 0.048881
0 0.421369 0.397235 0.023587 0.047887
0 0.420732 0.452594 0.021557 0.048881
0 0.421110 0.514806 0.021557 0.048881
0 0.420921 0.575907 0.021178 0.042215
0 0.420787 0.639229 0.022422 0.044437
0 0.420921 0.756987 0.022691 0.044437
0 0.420543 0.815866 0.022691 0.055546
0 0.421110 0.875856 0.022313 0.051102
0 0.421299 0.939178 0.023448 0.057768
0 0.557257 0.277069 0.021557 0.044437
0 0.558014 0.338169 0.023069 0.046659
0 0.557068 0.398159 0.021935 0.046659
0 0.557636 0.454816 0.023069 0.048881
0 0.557825 0.515917 0.024960 0.046659
0 0.558203 0.575907 0.022691 0.051102
0 0.557446 0.635896 0.022691 0.046659
0 0.557446 0.759209 0.023448 0.053324
0 0.557636 0.816977 0.021557 0.053324
0 0.557446 0.879188 0.023448 0.048881
0 0.557745 0.938205 0.022532 0.051377
0 0.694539 0.274847 0.023069 0.053324
0 0.695106 0.337058 0.022691 0.044437
0 0.805537 0.293733 0.009833 0.055546
0 0.806482 0.354833 0.010211 0.053324
0 0.806104 0.417045 0.010967 0.053324
1 0.057639 0.275239 0.050070 0.045606
1 0.049876 0.339087 0.036097 0.036485
1 0.058997 0.394955 0.048905 0.038765
1 0.064237 0.455383 0.062490 0.050167
1 0.075299 0.519232 0.086943 0.041046
1 0.056668 0.573960 0.050458 0.036485
1 0.070641 0.635528 0.075299 0.036485
1 0.074523 0.697097 0.084614 0.041046
1 0.074134 0.752964 0.083062 0.043326
1 0.064431 0.813393 0.065207 0.041046
1 0.065207 0.876101 0.065207 0.034205
1 0.061132 0.937670 0.056280 0.043326
1 0.203967 0.274099 0.091989 0.043326
1 0.184948 0.336807 0.054728 0.041046
1 0.184366 0.394955 0.055116 0.038765
1 0.185142 0.457664 0.055892 0.041046
1 0.191740 0.519232 0.069865 0.045606
1 0.190576 0.572820 0.069089 0.043326
1 0.192517 0.636668 0.071417 0.047887
1 0.223762 0.694816 0.133908 0.050167
1 0.184172 0.756385 0.054728 0.045606
1 0.185918 0.817953 0.055116 0.045606
1 0.176021 0.874961 0.036873 0.041046
1 0.198339 0.935389 0.080733 0.043326
1 0.363880 0.270678 0.087331 0.050167
1 0.343308 0.336807 0.047741 0.045606
1 0.353982 0.398376 0.067536 0.041046
1 0.337098 0.457664 0.034544 0.045606
1 0.335934 0.515812 0.033768 0.038765
1 0.345443 0.576240 0.051234 0.041046
1 0.342338 0.638949 0.045800 0.038765
1 0.353012 0.697097 0.064819 0.050167
1 0.353788 0.756385 0.066372 0.041046
1 0.350101 0.820234 0.058997 0.041046
1 0.345443 0.874961 0.048905 0.050167
1 0.355341 0.938810 0.071806 0.041046
1 0.465572 0.277519 0.062490 0.050167
1 0.472753 0.333387 0.075299 0.043326
1 0.452375 0.399516 0.032992 0.038765
1 0.465378 0.454243 0.062102 0.043326
1 0.471006 0.515812 0.074134 0.043326
1 0.469454 0.572820 0.071806 0.043326
1 0.473529 0.635528 0.079180 0.036485
1 0.466931 0.757525 0.065207 0.038765
1 0.469259 0.819094 0.067536 0.038765
1 0.474887 0.876101 0.082673 0.038765
1 0.484979 0.935389 0.101304 0.047887
1 0.614423 0.276379 0.086167 0.047887
1 0.610930 0.334527 0.079957 0.041046
1 0.582596 0.397235 0.018631 0.047887
1 0.587448 0.454243 0.032992 0.038765
1 0.614423 0.515812 0.086167 0.043326
1 0.610542 0.577380 0.077628 0.043326
1 0.613647 0.664032 0.083062 0.088932
1 0.617528 0.754105 0.090048 0.068409
1 0.583954 0.819094 0.023676 0.038765
1 0.583760 0.874961 0.023288 0.036485
1 0.583760 0.943371 0.026393 0.050167
1 0.719609 0.277519 0.023288 0.041046
1 0.718638 0.339087 0.021348 0.050167
1 0.867295 0.287780 0.098199 0.047887
1 0.852934 0.351629 0.066372 0.047887
1 0.859727 0.426880 0.085390 0.070690