0 0.038348 0.228691 0.070796 0.090436
0 0.041003 0.356756 0.066667 0.115758
0 0.041593 0.498440 0.069027 0.116964
0 0.040413 0.646755 0.065487 0.121788
0 0.041003 0.783615 0.066667 0.113347
0 0.041298 0.931328 0.064897 0.107318
0 0.623894 0.348918 0.065487 0.107318
0 0.624484 0.507483 0.064307 0.106112
0 0.624779 0.638917 0.063717 0.108524
0 0.624779 0.778792 0.064897 0.113347
0 0.624189 0.926505 0.064897 0.112141
1 0.180198 0.222634 0.198794 0.052427
1 0.279595 0.336007 0.397589 0.051116
1 0.267411 0.500496 0.373220 0.055048
1 0.228319 0.657005 0.300885 0.055468
1 0.192330 0.787233 0.223009 0.057879
1 0.185841 0.934945 0.213569 0.056673
1 0.781416 0.326611 0.242478 0.055468
1 0.829204 0.484573 0.333333 0.060291
1 0.828319 0.633491 0.330383 0.061497
1 0.828614 0.775175 0.332153 0.055468
1 0.828319 0.906609 0.328024 0.062702