0 0.018631 0.278659 0.024065 0.043326
0 0.018437 0.335667 0.024453 0.047887
0 0.017854 0.398376 0.024065 0.054728
0 0.018243 0.458804 0.020959 0.047887
0 0.018048 0.518092 0.022900 0.052447
0 0.018631 0.575100 0.020959 0.047887
0 0.018631 0.636668 0.022512 0.047887
0 0.018243 0.698237 0.022512 0.047887
0 0.018631 0.759805 0.020959 0.047887
0 0.018247 0.817143 0.021746 0.048547
0 0.017854 0.878382 0.020959 0.043326
0 0.018243 0.938810 0.023288 0.054728
0 0.142576 0.278180 0.024960 0.042215
0 0.143143 0.335948 0.022313 0.046659
0 0.142954 0.399270 0.021935 0.053324
0 0.142576 0.459260 0.022691 0.044437
0 0.142009 0.517028 0.023069 0.048881
0 0.142198 0.577018 0.023448 0.048881
0 0.142765 0.638118 0.021557 0.051102
0 0.143143 0.699219 0.023826 0.044437
0 0.142387 0.761431 0.021557 0.048881
0 0.142387 0.820310 0.022313 0.051102
0 0.143143 0.882521 0.022313 0.046659
0 0.142765 0.941400 0.024582 0.044437
0 0.305385 0.278180 0.024582 0.051102
0 0.304818 0.339280 0.021935 0.044437
0 0.305764 0.397048 0.023069 0.044437
0 0.305196 0.459260 0.024204 0.048881
0 0.306142 0.521472 0.023826 0.053324
0 0.305953 0.578129 0.021935 0.042215
0 0.306331 0.637007 0.022691 0.048881
0 0.306331 0.699219 0.022691 0.044437
0 0.305764 0.762542 0.023826 0.042215
0 0.305574 0.819199 0.022691 0.044437
0 0.306142 0.880299 0.022313 0.051102
0 0.305764 0.941400 0.023069 0.048881
0 0.419976 0.279291 0.022313 0.039993
0 0.420165 0.340391 0.022691 0.046659
0 0.419409 0.400381 0.023448 0.042215
0 0.420165 0.455927 0.023448 0.046659
0 0.420543 0.521472 0.022691 0.053324
0 0.420165 0.579239 0.021935 0.044437
0 0.420732 0.640340 0.021557 0.042215
0 0.419976 0.758098 0.022313 0.055546
0 0.419976 0.820310 0.022313 0.046659
0 0.419787 0.878077 0.022691 0.042215
0 0.419976 0.941400 0.021557 0.048881
0 0.556879 0.278180 0.023069 0.046659
0 0.556690 0.340391 0.022691 0.046659
0 0.557068 0.399270 0.021935 0.048881
0 0.557257 0.458149 0.024582 0.046659
0 0.557257 0.519250 0.022313 0.048881
0 0.557257 0.578129 0.023069 0.046659
0 0.556690 0.640340 0.021178 0.051102
0 0.556312 0.755876 0.024960 0.046659
0 0.557068 0.819199 0.021935 0.048881
0 0.556501 0.880299 0.021557 0.042215
0 0.556879 0.940289 0.023069 0.051102
0 0.693594 0.275958 0.024204 0.059990
0 0.693594 0.344835 0.024960 0.059990
0 0.805348 0.290400 0.012480 0.048881
0 0.804969 0.349279 0.012480 0.051102
0 0.804969 0.413712 0.013237 0.051102
1 0.056539 0.274847 0.048030 0.048881
1 0.048597 0.341502 0.031389 0.039993
1 0.057106 0.400381 0.052190 0.042215
1 0.063913 0.455927 0.065048 0.042215
1 0.076015 0.514806 0.089252 0.048881
1 0.056161 0.577018 0.051055 0.044437
1 0.072990 0.639229 0.081688 0.044437
1 0.072801 0.699219 0.082823 0.035550
1 0.074692 0.755876 0.085092 0.046659
1 0.063913 0.816977 0.065048 0.039993
1 0.063913 0.881410 0.063535 0.044437
1 0.062401 0.939178 0.058997 0.048881
1 0.202141 0.279291 0.091899 0.035550
1 0.184366 0.337058 0.055593 0.048881
1 0.184933 0.398159 0.058997 0.042215
1 0.183799 0.455927 0.053702 0.055546
1 0.191362 0.518139 0.069586 0.042215
1 0.191551 0.578129 0.070721 0.046659
1 0.192497 0.634786 0.073368 0.048881
1 0.221239 0.699219 0.128583 0.048881
1 0.181340 0.758098 0.050299 0.042215
1 0.183799 0.819199 0.055972 0.039993
1 0.174344 0.880299 0.036306 0.042215
1 0.198359 0.943622 0.082066 0.039993
1 0.363059 0.279291 0.087739 0.039993
1 0.343582 0.341502 0.051055 0.044437
1 0.351902 0.399270 0.069964 0.039993
1 0.337342 0.458149 0.035550 0.042215
1 0.336964 0.518139 0.034793 0.033328
1 0.344717 0.575907 0.051055 0.046659
1 0.340935 0.638118 0.044248 0.042215
1 0.351524 0.693664 0.064670 0.042215
1 0.352470 0.761431 0.067317 0.039993
1 0.350011 0.820310 0.060132 0.037771
1 0.343393 0.881410 0.047651 0.044437
1 0.354739 0.939178 0.067317 0.039993
1 0.464602 0.280401 0.061644 0.042215
1 0.469896 0.338169 0.072990 0.042215
1 0.451743 0.395937 0.036684 0.046659
1 0.464602 0.458149 0.060888 0.046659
1 0.471598 0.518139 0.075637 0.046659
1 0.469518 0.574796 0.072990 0.044437
1 0.472544 0.635896 0.075259 0.046659
1 0.467627 0.759209 0.065426 0.039993
1 0.468195 0.820310 0.070343 0.037771
1 0.474056 0.876967 0.082066 0.048881
1 0.484457 0.941400 0.101354 0.044437
1 0.613607 0.278180 0.087361 0.046659
1 0.609069 0.338169 0.077528 0.046659
1 0.582029 0.398159 0.024204 0.046659
1 0.585432 0.457038 0.027229 0.048881
1 0.612662 0.519250 0.083957 0.048881
1 0.608691 0.575907 0.077528 0.042215
1 0.612662 0.664780 0.084714 0.091096
1 0.617011 0.760320 0.091899 0.073321
1 0.582785 0.823642 0.025717 0.035550
1 0.582785 0.880299 0.022691 0.046659
1 0.582785 0.940289 0.025717 0.037771
1 0.718176 0.279291 0.023448 0.044437
1 0.718932 0.344835 0.021178 0.055546
1 0.865101 0.291511 0.097194 0.046659
1 0.851675 0.350390 0.067317 0.048881
1 0.861130 0.431487 0.086983 0.077765