0 0.233288 0.066516 0.327859 0.032185
0 0.226282 0.106480 0.325056 0.031649
0 0.231887 0.144298 0.325056 0.032185
0 0.231887 0.184530 0.330661 0.032185
0 0.233288 0.224225 0.333463 0.033258
0 0.231887 0.263652 0.330661 0.032722
0 0.229085 0.303347 0.336265 0.032722
0 0.230486 0.341970 0.327859 0.031649
0 0.229085 0.382738 0.341870 0.033795
0 0.226282 0.420556 0.341870 0.032185
0 0.229085 0.460251 0.336265 0.032185
0 0.227684 0.499946 0.327859 0.032185
0 0.233288 0.538569 0.316650 0.032185
0 0.233288 0.579605 0.327859 0.030576
0 0.224881 0.617959 0.327859 0.031113
0 0.231887 0.656850 0.336265 0.030576
0 0.231887 0.696545 0.341870 0.032722
0 0.229085 0.735973 0.336265 0.034331
0 0.231887 0.774863 0.325056 0.032722
0 0.231887 0.815095 0.325056 0.033795
0 0.230486 0.854254 0.339067 0.034868
0 0.226282 0.893681 0.330661 0.035404
0 0.230486 0.933108 0.333463 0.032722
0 0.233288 0.983532 0.344672 0.013411
1 0.597575 0.067321 0.232583 0.023066
1 0.593372 0.103798 0.257803 0.027358
1 0.600378 0.143225 0.226979 0.026821
1 0.598976 0.184261 0.229781 0.020921
1 0.596174 0.222884 0.240990 0.017702
1 0.618592 0.263920 0.291430 0.016093
1 0.638207 0.302274 0.319452 0.017702
1 0.636806 0.341970 0.327859 0.016629
1 0.621394 0.381665 0.280221 0.018775
1 0.611586 0.420824 0.255001 0.021993
1 0.631202 0.459715 0.311045 0.018238
1 0.635405 0.499946 0.313848 0.019311
1 0.618592 0.538569 0.297034 0.019311
1 0.611586 0.577191 0.266210 0.016093
1 0.611586 0.617691 0.283023 0.021993
1 0.610185 0.656045 0.263408 0.022530
1 0.607383 0.696814 0.257803 0.020384
1 0.615790 0.735704 0.269012 0.019848
1 0.607383 0.775400 0.252199 0.017702
1 0.596174 0.813754 0.257803 0.021457
1 0.598976 0.852645 0.263408 0.023066
1 0.608784 0.893413 0.283023 0.023066
1 0.610185 0.932303 0.257803 0.018238
1 0.726477 0.980045 0.529618 0.037550