0 0.086338 0.089388 0.149854 0.043743
0 0.085446 0.160232 0.158774 0.040890
0 0.080986 0.240586 0.107039 0.051350
0 0.084554 0.325219 0.110607 0.047547
0 0.083662 0.415082 0.115959 0.046596
0 0.084554 0.525865 0.103471 0.051350
0 0.082770 0.613827 0.103471 0.042792
0 0.087230 0.701788 0.105255 0.047547
1 0.396751 0.088437 0.424587 0.030430
1 0.375343 0.156428 0.367500 0.040890
1 0.592989 0.246767 0.802791 0.071320
1 0.587637 0.340909 0.813495 0.073222
1 0.589421 0.423165 0.806359 0.066565
1 0.467218 0.527292 0.565522 0.042792
1 0.343231 0.617630 0.299709 0.037086
1 0.440458 0.706542 0.497730 0.036135