0 0.084511 0.086394 0.144228 0.041066
0 0.080941 0.152255 0.148512 0.044166
0 0.080941 0.238261 0.108528 0.048815
0 0.080941 0.324268 0.108528 0.045715
0 0.082369 0.412599 0.111384 0.045715
0 0.083797 0.529211 0.114240 0.044940
0 0.085225 0.617542 0.111384 0.046490
0 0.083083 0.707423 0.107100 0.052689
1 0.396529 0.085232 0.422688 0.034093
1 0.365827 0.151480 0.344148 0.042616
1 0.589309 0.247947 0.808247 0.066636
1 0.592879 0.342089 0.801107 0.058113
1 0.590065 0.428483 0.806903 0.061987
1 0.465073 0.530761 0.554064 0.037192
1 0.335839 0.621804 0.295596 0.041066
1 0.414379 0.712847 0.484092 0.041841