0 0.019019 0.278452 0.023288 0.045898
0 0.018048 0.336972 0.022124 0.048193
0 0.019014 0.400082 0.021726 0.045898
0 0.019601 0.457454 0.022124 0.050488
0 0.019969 0.519416 0.022084 0.050488
0 0.019407 0.580231 0.020183 0.048193
0 0.019601 0.638751 0.022124 0.050488
0 0.019407 0.699566 0.024065 0.052783
0 0.019407 0.761528 0.021736 0.052783
0 0.019795 0.822342 0.021736 0.045898
0 0.019989 0.882010 0.022124 0.045898
0 0.019601 0.942824 0.022900 0.048193
0 0.143611 0.278452 0.022512 0.050488
0 0.143417 0.339267 0.021348 0.048193
0 0.143223 0.398934 0.024065 0.043603
0 0.143611 0.458602 0.024841 0.048193
0 0.143223 0.518269 0.021736 0.052783
0 0.143223 0.579084 0.024841 0.045898
0 0.142835 0.641046 0.021736 0.055077
0 0.143805 0.700713 0.021348 0.045898
0 0.143611 0.762675 0.023288 0.055077
0 0.143029 0.821195 0.023676 0.043603
0 0.143223 0.877420 0.024065 0.055077
0 0.142641 0.940530 0.024453 0.043603
0 0.305953 0.279139 0.021935 0.055901
0 0.306142 0.335040 0.022313 0.046957
0 0.305953 0.397649 0.023448 0.051429
0 0.305385 0.459141 0.023826 0.040249
0 0.305385 0.520632 0.023069 0.046957
0 0.306142 0.578770 0.023069 0.046957
0 0.306331 0.638025 0.020422 0.053665
0 0.306331 0.700634 0.022691 0.049193
0 0.305764 0.761008 0.022313 0.044721
0 0.306331 0.819145 0.022691 0.053665
0 0.305574 0.882873 0.022691 0.051429
0 0.305953 0.939892 0.022691 0.044721
0 0.420921 0.282493 0.021178 0.035777
0 0.420921 0.340630 0.021178 0.044721
0 0.421678 0.399885 0.022691 0.051429
0 0.420543 0.459141 0.024204 0.044721
0 0.421110 0.516160 0.023069 0.046957
0 0.421299 0.579888 0.021935 0.058137
0 0.421110 0.639143 0.023826 0.046957
0 0.420921 0.761008 0.021935 0.049193
0 0.419598 0.824735 0.023069 0.051429
0 0.420543 0.883991 0.021178 0.049193
0 0.421489 0.941010 0.021557 0.042485
0 0.556879 0.280257 0.025338 0.044721
0 0.556501 0.336158 0.022313 0.053665
0 0.557446 0.397649 0.024204 0.055901
0 0.557446 0.461377 0.021935 0.049193
0 0.557068 0.521750 0.021935 0.049193
0 0.556501 0.581006 0.020800 0.046957
0 0.556879 0.639143 0.022313 0.046957
0 0.556312 0.761008 0.024204 0.053665
0 0.556879 0.822499 0.022313 0.046957
0 0.556690 0.881755 0.021178 0.049193
0 0.557257 0.944364 0.024582 0.044721
0 0.694539 0.281375 0.022313 0.042485
0 0.693972 0.340630 0.024204 0.044721
0 0.805726 0.294791 0.010211 0.042485
0 0.805726 0.352928 0.011724 0.046957
0 0.805726 0.413302 0.012480 0.051429
1 0.059943 0.283611 0.053324 0.046957
1 0.048408 0.337276 0.032524 0.038013
1 0.059186 0.397649 0.051055 0.051429
1 0.065426 0.464731 0.065804 0.042485
1 0.076394 0.520632 0.086226 0.042485
1 0.057673 0.584360 0.049542 0.040249
1 0.070721 0.644733 0.075637 0.044721
1 0.074503 0.701752 0.082445 0.051429
1 0.074692 0.762126 0.085092 0.046957
1 0.063535 0.822499 0.062779 0.046957
1 0.066750 0.880637 0.066183 0.042485
1 0.062590 0.942128 0.059375 0.044721
1 0.203464 0.278021 0.091521 0.044721
1 0.184933 0.337276 0.055972 0.051429
1 0.185879 0.398767 0.054837 0.053665
1 0.184555 0.458023 0.055215 0.038013
1 0.192308 0.517278 0.070721 0.044721
1 0.192497 0.581006 0.071099 0.051429
1 0.192875 0.639143 0.071855 0.038013
1 0.222373 0.696162 0.130096 0.049193
1 0.185689 0.761008 0.055972 0.049193
1 0.185689 0.820263 0.056728 0.051429
1 0.175100 0.883991 0.037062 0.040249
1 0.197035 0.941010 0.080932 0.046957
1 0.363248 0.280257 0.086605 0.049193
1 0.343582 0.339512 0.048030 0.051429
1 0.351713 0.404358 0.062779 0.046957
1 0.336018 0.456905 0.033659 0.035777
1 0.337909 0.519514 0.032902 0.044721
1 0.344717 0.579888 0.050299 0.040249
1 0.342259 0.640261 0.047651 0.035777
1 0.353037 0.698398 0.066183 0.044721
1 0.353037 0.763244 0.066939 0.053665
1 0.349822 0.820263 0.057484 0.046957
1 0.343204 0.878401 0.049542 0.042485
1 0.353982 0.938774 0.070343 0.042485
1 0.466304 0.276903 0.063535 0.051429
1 0.471976 0.338394 0.074124 0.044721
1 0.452500 0.397649 0.033659 0.051429
1 0.465547 0.462495 0.061266 0.046957
1 0.470275 0.522868 0.072234 0.038013
1 0.469896 0.578770 0.071477 0.042485
1 0.472165 0.639143 0.076015 0.046957
1 0.466682 0.758772 0.065804 0.049193
1 0.469896 0.819145 0.069964 0.044721
1 0.474624 0.878401 0.083201 0.051429
1 0.485213 0.943246 0.101354 0.042485
1 0.613985 0.276903 0.084336 0.046957
1 0.609447 0.338394 0.076015 0.040249
1 0.583541 0.398767 0.024960 0.040249
1 0.585243 0.456905 0.028364 0.040249
1 0.613418 0.518396 0.082445 0.046957
1 0.610393 0.581006 0.079419 0.051429
1 0.611716 0.667094 0.082066 0.093914
1 0.617200 0.764362 0.090008 0.073790
1 0.582785 0.826971 0.022691 0.042485
1 0.583352 0.881755 0.024582 0.049193
1 0.583730 0.937656 0.023069 0.040249
1 0.719499 0.280257 0.024582 0.049193
1 0.718554 0.339512 0.020422 0.046957
1 0.867559 0.294791 0.095303 0.051429
1 0.851675 0.350692 0.065048 0.042485
1 0.860374 0.418892 0.084714 0.076026