0 0.190459 0.059166 0.342085 0.034650
0 0.186858 0.100353 0.356489 0.033342
0 0.185057 0.138271 0.352888 0.033342
0 0.186858 0.178478 0.349287 0.032688
0 0.190459 0.218685 0.342085 0.032035
0 0.183257 0.259218 0.349287 0.035957
0 0.185057 0.299425 0.345686 0.033996
0 0.183257 0.337670 0.342085 0.033342
0 0.194059 0.377550 0.349287 0.035957
0 0.186858 0.417429 0.334884 0.030727
0 0.185057 0.456982 0.345686 0.032688
0 0.185057 0.497189 0.338485 0.030727
0 0.183257 0.537722 0.334884 0.029419
0 0.185057 0.576621 0.331283 0.028766
0 0.183257 0.616501 0.334884 0.031381
0 0.185057 0.655073 0.345686 0.031381
0 0.186858 0.694626 0.349287 0.032035
0 0.185057 0.734833 0.345686 0.031381
0 0.186858 0.773732 0.356489 0.033342
0 0.185057 0.814265 0.345686 0.035957
0 0.183257 0.853164 0.349287 0.033996
0 0.183257 0.894025 0.342085 0.032035
0 0.192259 0.933251 0.360090 0.033342
0 0.201261 0.984571 0.356489 0.007845
1 0.586558 0.060146 0.291673 0.023536
1 0.570353 0.099046 0.280870 0.020267
1 0.572154 0.140233 0.248462 0.021574
1 0.577555 0.178151 0.252063 0.020267
1 0.575755 0.218358 0.255664 0.018305
1 0.590158 0.259872 0.298875 0.022882
1 0.609963 0.297463 0.381695 0.018305
1 0.609963 0.338324 0.367292 0.020267
1 0.600961 0.376242 0.313278 0.018959
1 0.599161 0.417103 0.324081 0.018305
1 0.595560 0.455348 0.324081 0.018959
1 0.608163 0.496535 0.385296 0.016344
1 0.602762 0.537395 0.316879 0.019613
1 0.575755 0.576621 0.291673 0.019613
1 0.593759 0.615847 0.327682 0.020921
1 0.593759 0.655073 0.284471 0.020921
1 0.579356 0.695607 0.270067 0.022228
1 0.581156 0.733525 0.280870 0.018305
1 0.582957 0.772751 0.298875 0.023536
1 0.586558 0.812304 0.327682 0.020267
1 0.568553 0.853164 0.327682 0.020921
1 0.590158 0.894025 0.320480 0.020267
1 0.584757 0.932270 0.266467 0.018305
1 0.708988 0.979668 0.550938 0.035957