0 0.093358 0.098016 0.140944 0.041066
0 0.091222 0.164265 0.145215 0.041841
0 0.095493 0.245235 0.111047 0.047265
0 0.094782 0.332016 0.106776 0.048815
0 0.093358 0.418023 0.112471 0.047265
0 0.091222 0.533473 0.099657 0.047265
0 0.094782 0.621804 0.106776 0.045715
0 0.089799 0.709747 0.105352 0.044940
1 0.398737 0.094917 0.410019 0.033318
1 0.370975 0.163877 0.351648 0.042616
1 0.594493 0.256470 0.792988 0.060437
1 0.590933 0.349450 0.802954 0.065086
1 0.593781 0.436619 0.783023 0.067411
1 0.467073 0.534635 0.546692 0.034093
1 0.335383 0.622966 0.271922 0.034093
1 0.429346 0.711684 0.459848 0.041066