0 0.083308 0.094142 0.151973 0.040845
0 0.085848 0.160707 0.157601 0.037403
0 0.088833 0.245340 0.111037 0.045645
0 0.088236 0.328705 0.105067 0.043743
0 0.084654 0.417142 0.097904 0.045645
0 0.085251 0.528718 0.108649 0.044377
0 0.090027 0.619374 0.103873 0.044377
0 0.085848 0.707176 0.109843 0.046279
1 0.396766 0.093096 0.419613 0.031381
1 0.378051 0.158996 0.362483 0.035565
1 0.592495 0.252092 0.815010 0.064854
1 0.596722 0.343619 0.799826 0.065900
1 0.590525 0.432008 0.818950 0.066946
1 0.471627 0.533996 0.553574 0.038703
1 0.342591 0.625000 0.307322 0.034519
1 0.426316 0.708682 0.482653 0.040795