0 0.085774 0.081067 0.154812 0.047071
0 0.083355 0.151674 0.149974 0.045328
0 0.081743 0.235356 0.114496 0.048815
0 0.085774 0.320781 0.109658 0.048815
0 0.081743 0.409257 0.111271 0.042713
0 0.083355 0.525192 0.108046 0.046199
0 0.084161 0.616283 0.112884 0.045328
0 0.084161 0.704759 0.109658 0.047943
1 0.403964 0.079714 0.425732 0.029577
1 0.379942 0.148968 0.369680 0.035348
1 0.592140 0.245996 0.810092 0.064926
1 0.593475 0.337614 0.807423 0.069254
1 0.593475 0.426706 0.812762 0.065647
1 0.464688 0.530587 0.555187 0.042562
1 0.336568 0.619319 0.309623 0.039677
1 0.423983 0.710936 0.463101 0.045448