0 0.103334 0.090288 0.149958 0.044043
0 0.098401 0.158555 0.163770 0.041841
0 0.102348 0.241687 0.120361 0.047346
0 0.101361 0.327571 0.110495 0.049549
0 0.104321 0.418410 0.120361 0.048447
0 0.100374 0.532372 0.112469 0.049549
0 0.100374 0.621559 0.104576 0.045144
0 0.098401 0.710747 0.108522 0.049549
1 0.400291 0.087536 0.396600 0.036336
1 0.381546 0.158005 0.347272 0.038538
1 0.592671 0.253799 0.793200 0.064964
1 0.596617 0.348492 0.777415 0.062762
1 0.596617 0.431623 0.785307 0.066065
1 0.471323 0.537877 0.566289 0.040740
1 0.344056 0.623761 0.295970 0.042942
1 0.421995 0.711297 0.459740 0.037437