0 0.089517 0.085774 0.156662 0.035565
0 0.083786 0.153243 0.149020 0.038703
0 0.086652 0.237448 0.112720 0.048117
0 0.090473 0.325314 0.124183 0.046025
0 0.083786 0.414749 0.110810 0.053347
0 0.084741 0.530335 0.108899 0.050209
0 0.081875 0.620816 0.110810 0.049163
0 0.082830 0.710774 0.101257 0.047071
1 0.397899 0.083131 0.406234 0.036336
1 0.368739 0.155252 0.372046 0.035235
1 0.589955 0.250495 0.810458 0.067166
1 0.589955 0.345739 0.806436 0.066065
1 0.591966 0.429971 0.806436 0.058357
1 0.468286 0.536226 0.555053 0.037437
1 0.344606 0.625413 0.315737 0.033032
1 0.417004 0.717904 0.460533 0.046245