0 0.082677 0.089493 0.147338 0.046490
0 0.083455 0.157950 0.148361 0.043933
0 0.084100 0.241283 0.105788 0.044630
0 0.083455 0.328103 0.112238 0.046722
0 0.084745 0.417015 0.109658 0.044630
0 0.082810 0.533124 0.103208 0.042538
0 0.082165 0.623780 0.112238 0.048117
0 0.086036 0.712343 0.109658 0.043933
1 0.396304 0.085077 0.410251 0.034868
1 0.374372 0.157950 0.356067 0.036960
1 0.597944 0.251046 0.802341 0.059543
1 0.596456 0.346798 0.802341 0.059543
1 0.596456 0.431687 0.802341 0.071612
1 0.469927 0.537496 0.564170 0.043450
1 0.337444 0.624397 0.314089 0.040232
1 0.426758 0.714113 0.468901 0.031381