0 0.082093 0.082907 0.151008 0.041841
0 0.078799 0.147218 0.157597 0.038742
0 0.079189 0.233612 0.107448 0.045715
0 0.078463 0.319231 0.103092 0.043391
0 0.079915 0.408337 0.103092 0.046490
0 0.079189 0.523013 0.104544 0.041841
0 0.076285 0.612118 0.095832 0.046490
0 0.077737 0.703161 0.101640 0.047265
1 0.395882 0.078958 0.411009 0.031043
1 0.371221 0.151505 0.364217 0.031718
1 0.596483 0.242307 0.804625 0.062019
1 0.593035 0.339435 0.811522 0.061715
1 0.595975 0.422594 0.805642 0.060669
1 0.462682 0.528243 0.554736 0.033473
1 0.337229 0.617155 0.319512 0.031381
1 0.423478 0.706590 0.460647 0.032427