0 0.020571 0.284501 0.020959 0.045648
0 0.020183 0.340421 0.020959 0.038801
0 0.019019 0.399764 0.020959 0.043366
0 0.019213 0.461389 0.021348 0.034236
0 0.019407 0.520732 0.020183 0.034236
0 0.019601 0.577793 0.019795 0.034236
0 0.019989 0.641701 0.021348 0.034236
0 0.019213 0.701044 0.020571 0.034236
0 0.019795 0.759245 0.020183 0.036519
0 0.018825 0.823153 0.021348 0.036519
0 0.019601 0.880214 0.022124 0.045648
0 0.019795 0.939557 0.021736 0.054778
0 0.144193 0.281078 0.021348 0.038801
0 0.142641 0.339279 0.022124 0.036519
0 0.143417 0.400905 0.020571 0.041084
0 0.143417 0.462530 0.022900 0.036519
0 0.143029 0.520732 0.024453 0.043366
0 0.142447 0.581216 0.023288 0.041084
0 0.143611 0.641701 0.020183 0.034236
0 0.143611 0.698761 0.020183 0.034236
0 0.143029 0.762669 0.019019 0.038801
0 0.143805 0.820871 0.019795 0.045648
0 0.143029 0.877931 0.019795 0.036519
0 0.143223 0.939557 0.019407 0.036519
0 0.305465 0.278795 0.021736 0.034236
0 0.306823 0.343844 0.020571 0.036519
0 0.306241 0.398622 0.020959 0.031954
0 0.305853 0.459107 0.021736 0.038801
0 0.305853 0.520732 0.020959 0.038801
0 0.306435 0.581216 0.019019 0.031954
0 0.306629 0.640559 0.021736 0.031954
0 0.306047 0.704467 0.019795 0.036519
0 0.306241 0.760387 0.019407 0.038801
0 0.306047 0.822012 0.020571 0.029671
0 0.306047 0.881355 0.021348 0.038801
0 0.305465 0.940698 0.019407 0.034236
0 0.421518 0.284501 0.020959 0.036519
0 0.420742 0.340421 0.019407 0.034236
0 0.421324 0.399764 0.020571 0.034236
0 0.420742 0.460248 0.020183 0.041084
0 0.420742 0.521873 0.020959 0.036519
0 0.420548 0.581216 0.019795 0.036519
0 0.420548 0.640559 0.020571 0.036519
0 0.421130 0.764951 0.019407 0.034236
0 0.420936 0.820871 0.019795 0.036519
0 0.420548 0.882496 0.019795 0.036519
0 0.420160 0.939557 0.019019 0.036519
0 0.558337 0.283360 0.021348 0.043366
0 0.557173 0.341562 0.021348 0.031954
0 0.556785 0.402046 0.021348 0.038801
0 0.557561 0.461389 0.019795 0.034236
0 0.557173 0.519591 0.020571 0.036519
0 0.556979 0.580075 0.020183 0.034236
0 0.557949 0.639418 0.019795 0.043366
0 0.556979 0.763810 0.022512 0.041084
0 0.557367 0.819730 0.019407 0.038801
0 0.556591 0.881355 0.020183 0.038801
0 0.557173 0.939557 0.019795 0.036519
0 0.693409 0.279936 0.023676 0.036519
0 0.693798 0.341562 0.022124 0.036519
0 0.805387 0.295913 0.006986 0.045648
0 0.805970 0.356398 0.008927 0.038801
0 0.805387 0.413458 0.010868 0.047931
1 0.057444 0.279936 0.045024 0.031954
1 0.049682 0.339279 0.031051 0.050213
1 0.059385 0.402046 0.047353 0.034236
1 0.063849 0.459107 0.060161 0.034236
1 0.075687 0.520732 0.085390 0.038801
1 0.056862 0.580075 0.046188 0.038801
1 0.071612 0.642842 0.077240 0.041084
1 0.074523 0.698761 0.083062 0.038801
1 0.073552 0.758104 0.083450 0.038801
1 0.065207 0.823153 0.062878 0.031954
1 0.064431 0.881355 0.062102 0.043366
1 0.060744 0.942980 0.056280 0.047931
1 0.203773 0.281078 0.093930 0.047931
1 0.184948 0.339279 0.053175 0.036519
1 0.186306 0.398622 0.057444 0.050213
1 0.184172 0.457965 0.053175 0.054778
1 0.192711 0.517308 0.070253 0.050213
1 0.193487 0.580075 0.072582 0.038801
1 0.193681 0.639418 0.076075 0.047931
1 0.223762 0.699902 0.130803 0.054778
1 0.181649 0.758104 0.052787 0.043366
1 0.185918 0.817447 0.056668 0.043366
1 0.174080 0.876790 0.032992 0.047931
1 0.198727 0.945263 0.081509 0.057061
1 0.364074 0.281078 0.090048 0.043366
1 0.344667 0.341562 0.048905 0.036519
1 0.351848 0.398622 0.064043 0.041084
1 0.337875 0.460248 0.037649 0.045648
1 0.336322 0.523015 0.036097 0.047931
1 0.345831 0.583499 0.054339 0.045648
1 0.343503 0.640559 0.050458 0.045648
1 0.353206 0.702185 0.069865 0.036519
1 0.352818 0.760387 0.068312 0.038801
1 0.350489 0.818588 0.064431 0.045648
1 0.344473 0.882496 0.048517 0.036519
1 0.354759 0.941839 0.069865 0.050213
1 0.464214 0.282219 0.060550 0.041084
1 0.472365 0.335856 0.076851 0.047931
1 0.453540 0.402046 0.036873 0.043366
1 0.465766 0.462530 0.062102 0.045648
1 0.470424 0.521873 0.071417 0.059343
1 0.469842 0.586922 0.073358 0.052496
1 0.472947 0.639418 0.074134 0.043366
1 0.465960 0.759245 0.067148 0.045648
1 0.468095 0.822012 0.064431 0.047931
1 0.475470 0.883637 0.083838 0.047931
1 0.484009 0.942980 0.104021 0.047931
1 0.612871 0.284501 0.085390 0.041084
1 0.609960 0.339279 0.077240 0.036519
1 0.582790 0.400905 0.022124 0.050213
1 0.586671 0.461389 0.027558 0.029671
1 0.611706 0.521873 0.081509 0.036519
1 0.610736 0.580075 0.079568 0.034236
1 0.613065 0.666807 0.084226 0.089014
1 0.617722 0.756963 0.091989 0.068473
1 0.583760 0.822012 0.021736 0.043366
1 0.583760 0.877931 0.028722 0.050213
1 0.583566 0.941839 0.023676 0.027389
1 0.720579 0.279936 0.022124 0.027389
1 0.719609 0.343844 0.022512 0.031954
1 0.864773 0.297055 0.097035 0.052496
1 0.850605 0.355256 0.067924 0.041084
1 0.862638 0.431718 0.085779 0.057061