0 0.034415 0.219472 0.065552 0.059151
0 0.035644 0.346224 0.069649 0.119991
0 0.035644 0.489030 0.068010 0.114921
0 0.036873 0.642822 0.058997 0.118301
0 0.036873 0.786474 0.065552 0.121681
0 0.038102 0.933505 0.064733 0.118301
0 0.624385 0.342844 0.065552 0.119991
0 0.624385 0.501705 0.062275 0.113231
0 0.625615 0.631837 0.061455 0.113231
0 0.623566 0.776334 0.063913 0.104781
0 0.625205 0.925900 0.063913 0.116611
1 0.174123 0.213557 0.195837 0.050701
1 0.279826 0.320873 0.405605 0.049011
1 0.264667 0.495790 0.375287 0.054081
1 0.222468 0.650427 0.297443 0.059151
1 0.184775 0.789009 0.210587 0.049011
1 0.182317 0.934350 0.205670 0.052391
1 0.789086 0.320028 0.240905 0.050701
1 0.830056 0.471285 0.335955 0.092951
1 0.831695 0.624232 0.332678 0.070981
1 0.831695 0.772954 0.331039 0.077741
1 0.828827 0.913225 0.330220 0.050701