0 0.113595 0.059458 0.128459 0.007708
0 0.105887 0.071295 0.128459 0.010460
0 0.109741 0.084233 0.125890 0.009910
0 0.114879 0.096895 0.115613 0.011011
0 0.112310 0.109282 0.131028 0.009359
0 0.109741 0.122495 0.131028 0.011561
0 0.111025 0.135708 0.118182 0.009359
0 0.112310 0.148095 0.115613 0.008809
0 0.113595 0.159932 0.123321 0.010460
0 0.116164 0.172594 0.118182 0.010460
0 0.114879 0.185807 0.125890 0.009359
0 0.113595 0.198470 0.118182 0.011561
0 0.111025 0.211682 0.123321 0.009359
0 0.111025 0.223794 0.118182 0.011561
0 0.111025 0.236732 0.133598 0.011011
0 0.112310 0.249670 0.120752 0.009359
0 0.107172 0.262883 0.120752 0.010460
0 0.112310 0.274994 0.125890 0.009359
0 0.113595 0.287382 0.123321 0.011011
0 0.118733 0.312982 0.123321 0.010460
0 0.112310 0.325919 0.110475 0.009910
0 0.111025 0.338582 0.113044 0.009910
0 0.116164 0.351795 0.123321 0.011011
0 0.113595 0.364182 0.128459 0.009359
0 0.113595 0.376569 0.128459 0.009910
0 0.107172 0.389231 0.120752 0.011011
0 0.116164 0.402444 0.128459 0.009910
0 0.112310 0.414006 0.120752 0.008809
0 0.112310 0.427769 0.136167 0.009910
0 0.107172 0.440707 0.120752 0.010460
0 0.109741 0.452819 0.115613 0.008258
0 0.113595 0.465756 0.113044 0.008809
0 0.112310 0.477593 0.120752 0.008258
0 0.108456 0.490255 0.123321 0.009359
0 0.112310 0.503193 0.115613 0.008809
0 0.113595 0.516406 0.113044 0.011011
0 0.114879 0.529068 0.115613 0.009910
0 0.117448 0.541180 0.120752 0.011011
0 0.113595 0.554669 0.123321 0.009359
0 0.113595 0.566780 0.113044 0.008258
0 0.114879 0.579718 0.115613 0.009910
0 0.112310 0.591555 0.110475 0.009359
0 0.114879 0.605593 0.125890 0.008809
0 0.117448 0.630918 0.120752 0.009910
0 0.108456 0.643305 0.128459 0.008258
0 0.112310 0.655142 0.136167 0.009910
0 0.108456 0.668355 0.133598 0.007708
0 0.113595 0.681017 0.123321 0.008809
0 0.113595 0.693405 0.118182 0.008258
0 0.107172 0.707168 0.115613 0.007157
0 0.112310 0.719830 0.125890 0.008258
0 0.107172 0.731667 0.115613 0.011011
0 0.107172 0.744880 0.131028 0.007708
0 0.114879 0.758368 0.115613 0.008258
0 0.112310 0.783142 0.115613 0.008258
0 0.107172 0.795530 0.115613 0.006606
0 0.114879 0.808192 0.125890 0.008809
0 0.109741 0.821405 0.131028 0.007708
0 0.111025 0.834067 0.123321 0.008809
0 0.112310 0.846455 0.146444 0.010460
0 0.118733 0.860218 0.061660 0.010460
0 0.112310 0.871229 0.074506 0.009359
0 0.121302 0.884717 0.077076 0.012112
1 0.337114 0.058908 0.282610 0.008809
1 0.285730 0.072396 0.190120 0.008258
1 0.342238 0.084218 0.312913 0.007510
1 0.383543 0.095752 0.395523 0.009119
1 0.439867 0.109699 0.503165 0.008046
1 0.337231 0.122841 0.277867 0.005364
1 0.417337 0.134910 0.458105 0.008046
1 0.433609 0.147516 0.480635 0.009656
1 0.439867 0.160122 0.498158 0.009119
1 0.378536 0.173533 0.355470 0.011265
1 0.381039 0.186943 0.395523 0.009119
1 0.368523 0.199549 0.345456 0.010728
1 0.464900 0.211619 0.543218 0.010192
1 0.358509 0.224225 0.330437 0.011801
1 0.357258 0.237635 0.342953 0.009656
1 0.338483 0.250778 0.310410 0.008046
1 0.391052 0.262311 0.415549 0.009656
1 0.391052 0.274917 0.390516 0.008046
1 0.402317 0.287791 0.418052 0.011265
1 0.582556 0.312735 0.778529 0.009656
1 0.345993 0.325609 0.335443 0.008583
1 0.352251 0.338483 0.322927 0.007510
1 0.298430 0.350553 0.220291 0.010192
1 0.432357 0.363695 0.478132 0.009656
1 0.461145 0.376569 0.535708 0.009656
1 0.333476 0.389980 0.275364 0.007510
1 0.384794 0.401513 0.367986 0.008046
1 0.298430 0.415192 0.205271 0.008583
1 0.298430 0.427529 0.215284 0.008583
1 0.335980 0.440135 0.290384 0.006974
1 0.328470 0.453278 0.275364 0.010728
1 0.383543 0.465615 0.390516 0.009656
1 0.383543 0.478221 0.380503 0.011265
1 0.363516 0.491364 0.350463 0.010728
1 0.342238 0.503701 0.302900 0.009656
1 0.394807 0.516575 0.423059 0.009656
1 0.369774 0.528645 0.352966 0.009119
1 0.397311 0.541787 0.433072 0.010728
1 0.298430 0.553857 0.235311 0.008046
1 0.366019 0.566731 0.375496 0.009119
1 0.408576 0.578801 0.440582 0.008583
1 0.403569 0.592748 0.440582 0.011801
1 0.421092 0.606963 0.470622 0.011265
1 0.381039 0.630029 0.375496 0.009119
1 0.389801 0.643440 0.398026 0.011265
1 0.431105 0.656045 0.485642 0.009656
1 0.483675 0.668383 0.575761 0.008583
1 0.441119 0.681794 0.505668 0.010728
1 0.419841 0.694936 0.453099 0.010192
1 0.257125 0.707542 0.122662 0.006437
1 0.283410 0.719075 0.160212 0.006974
1 0.431105 0.731681 0.450595 0.007510
1 0.431105 0.745360 0.460609 0.009119
1 0.434860 0.763598 0.478132 0.018775
1 0.463648 0.783178 0.535708 0.015020
1 0.269642 0.795247 0.137682 0.006974
1 0.264635 0.808121 0.132675 0.008046
1 0.265887 0.820727 0.155205 0.008583
1 0.262132 0.833870 0.137682 0.009119
1 0.264635 0.846207 0.127669 0.006974
1 0.464900 0.859618 0.568251 0.009119
1 0.376033 0.872224 0.390516 0.009656
1 0.431105 0.888048 0.500662 0.014483