0 0.040115 0.166841 0.077070 0.067992
0 0.039367 0.265690 0.071084 0.064854
0 0.040490 0.365063 0.073329 0.062762
0 0.040490 0.463912 0.071832 0.063808
0 0.040115 0.561715 0.074077 0.060669
0 0.040490 0.658473 0.076322 0.065900
0 0.040115 0.756276 0.072580 0.062762
0 0.042402 0.857218 0.077154 0.067992
1 0.504490 0.158996 0.823077 0.071130
1 0.543399 0.260460 0.903888 0.069038
1 0.390007 0.367155 0.600098 0.056485
1 0.346608 0.469665 0.510308 0.064854
1 0.351846 0.559623 0.520783 0.056485
1 0.455853 0.650628 0.728797 0.062762
1 0.443881 0.762552 0.710839 0.060669
1 0.240357 0.856695 0.303790 0.043933