0 0.078413 0.085884 0.156825 0.039639
0 0.080457 0.155803 0.160914 0.045144
0 0.080143 0.238934 0.116557 0.052852
0 0.074008 0.323167 0.120647 0.049549
0 0.077076 0.415657 0.106333 0.047346
0 0.075031 0.530170 0.106333 0.047346
0 0.074008 0.620458 0.116557 0.047346
0 0.075031 0.710747 0.106333 0.045144
1 0.390962 0.080929 0.423286 0.038538
1 0.365401 0.150297 0.363985 0.038538
1 0.590336 0.247192 0.809765 0.067166
1 0.593403 0.339683 0.807720 0.064964
1 0.590682 0.430522 0.818636 0.066065
1 0.459465 0.533473 0.568471 0.040740
1 0.336773 0.627065 0.306729 0.040740
1 0.416522 0.714050 0.470318 0.038538