0 0.019213 0.275239 0.021348 0.031924
0 0.019795 0.335667 0.020959 0.043326
0 0.019795 0.398376 0.020959 0.041046
0 0.019601 0.454243 0.019795 0.047887
0 0.019407 0.516952 0.020183 0.041046
0 0.019407 0.573960 0.021736 0.041046
0 0.019407 0.636668 0.021736 0.043326
0 0.019407 0.694816 0.020959 0.045606
0 0.019213 0.758665 0.022124 0.041046
0 0.019795 0.816813 0.021736 0.038765
0 0.019795 0.874961 0.020959 0.041046
0 0.020183 0.937670 0.023288 0.034205
0 0.142835 0.272958 0.021736 0.050167
0 0.143417 0.335667 0.021348 0.047887
0 0.143417 0.397235 0.022124 0.034205
0 0.143417 0.454243 0.022124 0.043326
0 0.143417 0.516952 0.021348 0.045606
0 0.143999 0.577380 0.020959 0.047887
0 0.143029 0.635528 0.023676 0.050167
0 0.142641 0.694816 0.022900 0.036485
0 0.142447 0.755245 0.022512 0.052447
0 0.141671 0.817953 0.022512 0.045606
0 0.143417 0.874961 0.022900 0.045606
0 0.144193 0.935389 0.022900 0.038765
0 0.305853 0.274099 0.025617 0.047887
0 0.306435 0.335667 0.020571 0.047887
0 0.305853 0.394955 0.023288 0.047887
0 0.305853 0.455383 0.023288 0.050167
0 0.306629 0.515812 0.020959 0.047887
0 0.306241 0.571679 0.020183 0.050167
0 0.306629 0.632108 0.020959 0.043326
0 0.306241 0.694816 0.020959 0.041046
0 0.306823 0.758665 0.020571 0.036485
0 0.306435 0.812253 0.019019 0.043326
0 0.306435 0.873821 0.021348 0.034205
0 0.306241 0.936530 0.020183 0.036485
0 0.421518 0.276379 0.020959 0.034205
0 0.420548 0.332247 0.021348 0.036485
0 0.421324 0.393815 0.019795 0.050167
0 0.421130 0.456524 0.019407 0.043326
0 0.421324 0.513531 0.020571 0.038765
0 0.420742 0.576240 0.018631 0.036485
0 0.420548 0.635528 0.020571 0.031924
0 0.421130 0.759805 0.019407 0.043326
0 0.421324 0.815673 0.019795 0.027364
0 0.421130 0.876101 0.021736 0.043326
0 0.421518 0.935389 0.020959 0.034205
0 0.557173 0.277519 0.021348 0.041046
0 0.557755 0.335667 0.020959 0.038765
0 0.558143 0.397235 0.022512 0.043326
0 0.558143 0.455383 0.021736 0.050167
0 0.558531 0.515812 0.020959 0.052447
0 0.557755 0.571679 0.022512 0.045606
0 0.557949 0.638949 0.023676 0.038765
0 0.557949 0.758665 0.020571 0.031924
0 0.557755 0.813393 0.020183 0.031924
0 0.557367 0.879522 0.020183 0.031924
0 0.558531 0.936530 0.020959 0.045606
0 0.694186 0.275239 0.022900 0.036485
0 0.694962 0.334527 0.022900 0.041046
0 0.807134 0.288921 0.011256 0.050167
0 0.807134 0.347069 0.012032 0.052447
0 0.805387 0.408637 0.010868 0.052447
1 0.056280 0.271818 0.048129 0.034205
1 0.050264 0.333387 0.034544 0.034205
1 0.058221 0.398376 0.052011 0.031924
1 0.063461 0.456524 0.061714 0.034205
1 0.076075 0.513531 0.086943 0.038765
1 0.057056 0.571679 0.049682 0.036485
1 0.072776 0.635528 0.079568 0.041046
1 0.074523 0.693676 0.085390 0.034205
1 0.074329 0.759805 0.080345 0.038765
1 0.065207 0.816813 0.059773 0.029644
1 0.065013 0.878382 0.061714 0.029644
1 0.062296 0.936530 0.056280 0.041046
1 0.203190 0.277519 0.090436 0.031924
1 0.184560 0.333387 0.056280 0.034205
1 0.185530 0.394955 0.055892 0.038765
1 0.185724 0.455383 0.053951 0.050167
1 0.192323 0.514672 0.071806 0.031924
1 0.190770 0.572820 0.067924 0.057008
1 0.192905 0.635528 0.073746 0.045606
1 0.222986 0.694816 0.132355 0.054728
1 0.183007 0.757525 0.049294 0.052447
1 0.185142 0.814533 0.055892 0.043326
1 0.174662 0.873821 0.034932 0.043326
1 0.199891 0.933109 0.083062 0.047887
1 0.364462 0.275239 0.086167 0.045606
1 0.343891 0.335667 0.048129 0.038765
1 0.351265 0.390395 0.063655 0.043326
1 0.338263 0.455383 0.033768 0.036485
1 0.340592 0.514672 0.043083 0.041046
1 0.346220 0.572820 0.052011 0.043326
1 0.343308 0.632108 0.046965 0.043326
1 0.353012 0.691396 0.064819 0.047887
1 0.352042 0.756385 0.064431 0.050167
1 0.349713 0.813393 0.061326 0.041046
1 0.343308 0.874961 0.049294 0.045606
1 0.354953 0.934249 0.069477 0.045606
1 0.466542 0.272958 0.063655 0.050167
1 0.472170 0.339087 0.075687 0.045606
1 0.454122 0.392675 0.038814 0.043326
1 0.465184 0.451963 0.064819 0.047887
1 0.472365 0.514672 0.072194 0.054728
1 0.470036 0.573960 0.070641 0.045606
1 0.473917 0.630968 0.080733 0.050167
1 0.466542 0.755245 0.068312 0.057008
1 0.468677 0.815673 0.071029 0.045606
1 0.475664 0.870401 0.080345 0.050167
1 0.485949 0.937670 0.100916 0.043326
1 0.615394 0.274099 0.086555 0.052447
1 0.610542 0.335667 0.079180 0.052447
1 0.581820 0.390395 0.020959 0.038765
1 0.585507 0.457664 0.029887 0.041046
1 0.612094 0.519232 0.079957 0.050167
1 0.610154 0.579661 0.077628 0.043326
1 0.611706 0.660612 0.080733 0.095773
1 0.617140 0.751824 0.090048 0.068409
1 0.583178 0.815673 0.026782 0.031924
1 0.583954 0.874961 0.025229 0.041046
1 0.583372 0.937670 0.026393 0.038765
1 0.720579 0.274099 0.022900 0.038765
1 0.720191 0.335667 0.022124 0.061568
1 0.867684 0.293481 0.095094 0.041046
1 0.853517 0.352769 0.069865 0.045606
1 0.861473 0.425739 0.085002 0.077531