0 0.114879 0.058632 0.131028 0.011561
0 0.108456 0.071295 0.128459 0.010460
0 0.108456 0.084508 0.118182 0.011561
0 0.111025 0.096620 0.128459 0.009359
0 0.111025 0.109833 0.133598 0.010460
0 0.116164 0.122495 0.123321 0.010460
0 0.111025 0.135433 0.128459 0.011011
0 0.107172 0.148095 0.120752 0.011011
0 0.112310 0.160758 0.110475 0.009910
0 0.109741 0.172869 0.120752 0.011011
0 0.111025 0.185807 0.133598 0.011561
0 0.109741 0.199020 0.131028 0.010460
0 0.112310 0.211132 0.136167 0.011561
0 0.114879 0.223794 0.131028 0.010460
0 0.108456 0.237007 0.133598 0.011561
0 0.113595 0.249394 0.128459 0.009910
0 0.105887 0.261782 0.133598 0.012662
0 0.108456 0.274444 0.138736 0.010460
0 0.109741 0.287932 0.115613 0.013213
0 0.111025 0.312431 0.138736 0.011561
0 0.113851 0.326110 0.123834 0.011731
0 0.112310 0.339132 0.125890 0.009910
0 0.108456 0.351519 0.118182 0.011561
0 0.105887 0.364732 0.133598 0.010460
0 0.113595 0.377395 0.138736 0.010460
0 0.113595 0.390333 0.133598 0.009910
0 0.109741 0.401619 0.125890 0.010460
0 0.108456 0.415107 0.118182 0.011011
0 0.109741 0.427494 0.136167 0.009359
0 0.113595 0.439606 0.128459 0.009359
0 0.111025 0.453094 0.128459 0.011011
0 0.111025 0.465206 0.128459 0.008809
0 0.109741 0.477868 0.110475 0.012112
0 0.112310 0.489980 0.115613 0.011011
0 0.111025 0.502918 0.128459 0.011561
0 0.117448 0.516406 0.125890 0.011011
0 0.111025 0.527692 0.118182 0.010460
0 0.117448 0.541731 0.125890 0.011011
0 0.111025 0.553843 0.128459 0.009910
0 0.113595 0.566230 0.128459 0.010460
0 0.111025 0.579718 0.123321 0.008809
0 0.109741 0.592105 0.125890 0.010460
0 0.111025 0.604492 0.113044 0.009910
0 0.108456 0.630368 0.118182 0.009910
0 0.104603 0.643305 0.136167 0.009359
0 0.112310 0.655693 0.136167 0.009910
0 0.111025 0.668906 0.128459 0.009910
0 0.113595 0.681568 0.118182 0.009910
0 0.113595 0.693680 0.133598 0.011011
0 0.114879 0.706342 0.125890 0.011011
0 0.116164 0.719280 0.133598 0.011561
0 0.117448 0.731667 0.125890 0.009910
0 0.113595 0.743779 0.133598 0.009910
0 0.109741 0.757818 0.125890 0.012662
0 0.104603 0.783693 0.136167 0.009359
0 0.112310 0.795805 0.131028 0.009359
0 0.113595 0.807917 0.123321 0.010460
0 0.111025 0.821405 0.138736 0.011011
0 0.108456 0.833517 0.128459 0.009910
0 0.112310 0.846730 0.141305 0.009910
0 0.114879 0.859392 0.089921 0.011011
0 0.117448 0.871229 0.079645 0.010460
0 0.121302 0.885268 0.082214 0.011011
1 0.339683 0.059183 0.303164 0.007157
1 0.299861 0.070469 0.208104 0.011011
1 0.338398 0.085058 0.310871 0.009359
1 0.383319 0.095850 0.370043 0.008922
1 0.434860 0.109967 0.483138 0.009656
1 0.328470 0.122304 0.285377 0.007510
1 0.417337 0.134910 0.468119 0.006974
1 0.436112 0.146175 0.500662 0.011265
1 0.437364 0.160391 0.498158 0.009656
1 0.377284 0.173801 0.383006 0.010728
1 0.377284 0.185871 0.367986 0.008046
1 0.359761 0.198745 0.347960 0.010192
1 0.457390 0.211887 0.533205 0.010728
1 0.358509 0.224225 0.335443 0.007510
1 0.367271 0.236026 0.347960 0.010728
1 0.351000 0.249169 0.315417 0.010192
1 0.393556 0.261774 0.410543 0.007510
1 0.401066 0.275721 0.415549 0.010728
1 0.416086 0.288327 0.455602 0.010192
1 0.572542 0.313003 0.753496 0.009119
1 0.339735 0.326413 0.312913 0.010192
1 0.352251 0.338751 0.337947 0.009119
1 0.290920 0.351625 0.190251 0.009119
1 0.421092 0.363695 0.480635 0.008583
1 0.447377 0.376569 0.498158 0.009656
1 0.342252 0.389507 0.303164 0.008258
1 0.383359 0.401343 0.385378 0.009910
1 0.290868 0.414556 0.210673 0.009910
1 0.294722 0.427219 0.218381 0.008809
1 0.344821 0.440156 0.292887 0.009359
1 0.325552 0.452819 0.269764 0.010460
1 0.392351 0.464931 0.393085 0.010460
1 0.374367 0.477593 0.362255 0.010460
1 0.371798 0.489980 0.362255 0.009910
1 0.335829 0.503744 0.290318 0.008809
1 0.394920 0.516957 0.413639 0.011011
1 0.378221 0.528243 0.359686 0.008258
1 0.407766 0.540355 0.434192 0.010460
1 0.303714 0.553843 0.231227 0.009910
1 0.378221 0.567056 0.385378 0.008809
1 0.406482 0.578617 0.431623 0.008809
1 0.402628 0.592105 0.403362 0.009359
1 0.416758 0.605318 0.447038 0.011561
1 0.387213 0.630643 0.398224 0.009359
1 0.396205 0.643030 0.411070 0.008809
1 0.433458 0.655693 0.470161 0.009910
1 0.479703 0.668630 0.583205 0.010460
1 0.436027 0.681017 0.500991 0.008809
1 0.421897 0.694230 0.462453 0.011011
1 0.257469 0.706893 0.123321 0.008809
1 0.281876 0.719555 0.177274 0.008809
1 0.442450 0.731392 0.493283 0.010460
1 0.423181 0.744329 0.449607 0.011011
1 0.432174 0.763598 0.488145 0.017617
1 0.463004 0.782867 0.534390 0.014314
1 0.274169 0.795530 0.146444 0.008809
1 0.262607 0.807641 0.154151 0.011011
1 0.258754 0.820579 0.141305 0.010460
1 0.249761 0.833792 0.118182 0.012662
1 0.263892 0.846455 0.131028 0.010460
1 0.474565 0.859392 0.578067 0.009910
1 0.375651 0.872055 0.395654 0.008809
1 0.442450 0.887745 0.503560 0.018168