0 0.112586 0.059183 0.126253 0.010460
0 0.111952 0.071612 0.127522 0.010192
0 0.114453 0.084218 0.132522 0.010728
0 0.111952 0.096824 0.132522 0.010192
0 0.109452 0.109967 0.122521 0.010728
0 0.108202 0.122036 0.130022 0.010192
0 0.113203 0.135447 0.140024 0.011265
0 0.105701 0.147785 0.140024 0.010192
0 0.114453 0.160122 0.132522 0.011265
0 0.109452 0.172996 0.127522 0.010192
0 0.109452 0.185602 0.132522 0.011801
0 0.114453 0.199281 0.137523 0.010192
0 0.111952 0.211619 0.127522 0.010192
0 0.110702 0.224225 0.135023 0.010728
0 0.109264 0.236294 0.142147 0.011265
0 0.106664 0.249437 0.131948 0.011801
0 0.108202 0.262579 0.125021 0.011265
0 0.110702 0.274917 0.115020 0.010192
0 0.110702 0.287791 0.135023 0.010192
0 0.113203 0.313271 0.130022 0.007510
0 0.115703 0.325609 0.140024 0.011801
0 0.109452 0.338751 0.122521 0.009119
0 0.107882 0.351237 0.124381 0.009896
0 0.111952 0.364500 0.127522 0.009119
0 0.115703 0.377642 0.125021 0.008583
0 0.118203 0.389443 0.130022 0.010728
0 0.109766 0.402720 0.125745 0.010460
0 0.108483 0.415382 0.128311 0.009359
0 0.109766 0.427769 0.136010 0.009910
0 0.105917 0.440432 0.133444 0.009910
0 0.109766 0.453645 0.120613 0.011011
0 0.116182 0.465206 0.133444 0.011011
0 0.112332 0.477868 0.125745 0.009910
0 0.107200 0.490806 0.130877 0.011561
0 0.114898 0.504294 0.130877 0.009910
0 0.116182 0.516681 0.128311 0.010460
0 0.109766 0.528518 0.125745 0.011011
0 0.114898 0.541731 0.120613 0.011011
0 0.112332 0.554393 0.130877 0.011011
0 0.105917 0.567331 0.133444 0.010460
0 0.108483 0.579993 0.128311 0.010460
0 0.111049 0.592656 0.138576 0.009359
0 0.112332 0.605869 0.130877 0.011561
0 0.112332 0.631744 0.130877 0.010460
0 0.112332 0.643856 0.136010 0.009359
0 0.109766 0.655968 0.136010 0.011561
0 0.107200 0.669181 0.146275 0.009359
0 0.112332 0.681568 0.125745 0.012112
0 0.109766 0.695056 0.130877 0.010460
0 0.116182 0.707443 0.128311 0.011011
0 0.112332 0.720381 0.146275 0.009359
0 0.108483 0.733043 0.128311 0.010460
0 0.114898 0.745155 0.136010 0.009359
0 0.113615 0.758368 0.112914 0.012662
0 0.109766 0.783693 0.136010 0.010460
0 0.105917 0.796631 0.138576 0.009910
0 0.108483 0.809568 0.123179 0.011561
0 0.112332 0.822231 0.120613 0.009359
0 0.104634 0.834618 0.136010 0.009910
0 0.114898 0.847556 0.120613 0.010460
0 0.107200 0.860493 0.089818 0.011011
0 0.109766 0.872605 0.094950 0.011011
0 0.116182 0.886369 0.087252 0.012112
1 0.345859 0.058908 0.315646 0.009910
1 0.288119 0.071295 0.200166 0.008258
1 0.348425 0.083682 0.300248 0.009910
1 0.384352 0.096895 0.372103 0.009910
1 0.438243 0.110658 0.500414 0.009910
1 0.331744 0.121945 0.292550 0.008258
1 0.422845 0.134882 0.459354 0.009910
1 0.434393 0.147820 0.492715 0.011561
1 0.443375 0.160758 0.510679 0.007708
1 0.375370 0.173695 0.374669 0.010460
1 0.388201 0.185532 0.384934 0.009910
1 0.361256 0.199020 0.336175 0.010460
1 0.465188 0.211407 0.554305 0.009910
1 0.356124 0.224345 0.305381 0.010460
1 0.375370 0.237558 0.349007 0.009359
1 0.359973 0.249670 0.328477 0.009359
1 0.397183 0.262883 0.408030 0.010460
1 0.399749 0.275270 0.418295 0.011011
1 0.411297 0.289309 0.441391 0.010460
1 0.579385 0.312431 0.772434 0.010460
1 0.338160 0.326745 0.284851 0.010460
1 0.354840 0.338857 0.343874 0.008258
1 0.285552 0.351244 0.184768 0.008809
1 0.426695 0.363631 0.482450 0.011561
1 0.465188 0.376844 0.528642 0.009359
1 0.339443 0.390333 0.313079 0.009910
1 0.379220 0.403270 0.377235 0.009359
1 0.294534 0.415657 0.212997 0.008809
1 0.289402 0.426943 0.197599 0.009359
1 0.345859 0.440432 0.310513 0.008809
1 0.329178 0.452819 0.272020 0.008258
1 0.397183 0.465756 0.397765 0.009910
1 0.383069 0.478144 0.379801 0.010460
1 0.371521 0.491632 0.361838 0.008809
1 0.335594 0.503744 0.289983 0.008809
1 0.394617 0.516406 0.397765 0.008809
1 0.374087 0.529894 0.387500 0.008258
1 0.406165 0.540905 0.431126 0.009359
1 0.295817 0.554118 0.195033 0.009359
1 0.377937 0.567331 0.364404 0.009359
1 0.408731 0.579718 0.441391 0.008809
1 0.401033 0.592381 0.415728 0.008809
1 0.418996 0.605318 0.461920 0.010460
1 0.379220 0.631194 0.377235 0.008258
1 0.390768 0.643856 0.395199 0.008258
1 0.427978 0.655968 0.485016 0.009359
1 0.481869 0.669731 0.587665 0.008258
1 0.443375 0.681843 0.490149 0.008258
1 0.417713 0.695056 0.428560 0.006056
1 0.257324 0.707443 0.138576 0.008809
1 0.280420 0.719005 0.164238 0.009910
1 0.427978 0.732768 0.469619 0.011011
1 0.420279 0.744329 0.449089 0.007708
1 0.434393 0.764149 0.477318 0.018718
1 0.463905 0.783142 0.541473 0.013763
1 0.266306 0.796080 0.136010 0.009910
1 0.268872 0.808743 0.161672 0.011011
1 0.257324 0.820854 0.143709 0.011011
1 0.254758 0.833517 0.143709 0.013213
1 0.257324 0.847005 0.148841 0.008258
1 0.480585 0.859117 0.559437 0.012662
1 0.379220 0.873431 0.356705 0.010460
1 0.434393 0.888846 0.482450 0.017067